9.61
40.46
50.95
33.48

44.92
81.91
57.14
91.52
46.29
84.80
31.35
29.62
81.04

94.99
72.60
46.86
81.63
70.95
5.49
37.24
81.80
29.75

6.13
57.90
16.35
72.00
89.70

31.22
25.55
33.08

24.90
1.73
14.18
10.68
40.42
26.30
96.43
8.62
66.12
62.76

8.69
20.34
20.05
5.94
77.94
32.99
93.35
8.23
31.89
56.54
5.64
48.56

34.04
87.31
19.17

22.47
60.05
32.09
91.60
42.23
54.66
62.38
46.10
41.00
22.70
79.70

84.23
27.72
1.93
91.78
33.14
31.93
28.84

90.52
55.85
9.99
81.29
8.48
81.20
44.77
71.37

92.76
66.98
6.23
99.42
43.45
41.81
8.25

31.00
56.94
4.28
67.79
44.54
39.19
9.96
21.68
22.05
48.14
4.23

11.63
62.53
60.58
94.15
30.68
19.00
62.32

79.63
54.13
40.57
56.39

6.69
19.28
72.82
81.09

50.77
49.74
88.28
17.53
52.21
74.78
95.46
64.69
3.99
79.13
99.78

6.48
20.13
34.16
20.16
45.93
50.07
91.84
12.36
18.46
77.95
91.21

50.46
58.39
22.39
52.27
22.64
86.92
95.65
56.33

67.23
7.58
7.50
65.41
89.25
23.67

91.26
59.80
65.71
20.96
48.30
69.20
26.57
54.78
25.69
46.40

91.88
12.54
57.13
14.37
67.00

10.04
18.03
64.51
73.97
46.98
95.37
63.07
24.43
